BLOCK SIZE : 32
2048, 16, 1024, 8, 64, 12, 0.143944,
 0.49429601836580694, 205.6, 0.49643558738835475, 250.75, 0.21274140174213169, 303.413

BLOCK SIZE : 64
2048, 16, 1024, 8, 64, 12, 0.155806,
 0.4876499796433334, 204.974, 0.4937146052609399, 250.891, 0.18330402305413557, 308.357

BLOCK SIZE : 128
2048, 16, 1024, 8, 64, 12, 0.172575,
 0.4717566500119375, 210.921, 0.4869322938467978, 255.107, 0.16110292693041106, 316.562

BLOCK SIZE : 256
2048, 16, 1024, 8, 64, 12, 0.183821,
 0.44161903411452347, 237.058, 0.4715943258748225, 268.56, 0.1513587376478237, 323.531

BLOCK SIZE : 512
2048, 16, 1024, 8, 64, 12, 0.187683,
 0.4063997746136432, 331.507, 0.4415544091186464, 328.422, 0.14531310893601007, 356.622

Double ways ------
BLOCK SIZE : 32
2048, 32, 1024, 16, 64, 24, 0.144607,
 0.49017350813210425, 205.559, 0.49563372929213356, 249.355, 0.21218458466840323, 301.914

BLOCK SIZE : 64
2048, 32, 1024, 16, 64, 24, 0.157284,
 0.4794435724640667, 202.865, 0.4908427265636865, 245.677, 0.18264880973170536, 302.613

BLOCK SIZE : 128
2048, 32, 1024, 16, 64, 24, 0.175901,
 0.452902345910077, 205.672, 0.4787696174369109, 242.61, 0.16026645730722433, 302.016

BLOCK SIZE : 256
2048, 32, 1024, 16, 64, 24, 0.189414,
 0.41729425002674214, 221.048, 0.4525177080342046, 244.308, 0.15006030958688457, 295.571

BLOCK SIZE : 512
2048, 32, 1024, 16, 64, 24, 0.197212,
 0.38232014726918095, 279.327, 0.40905463287976146, 274.834, 0.1428482979451114, 301.275

