2048, 128, 2048, 64, 16, 8, 0.212827,
 0.7970365078504477, 196.883, 0.7548627573765114, 246.219, 0.3439142192765901, 270.763

2048, 128, 2048, 64, 16, 16, 0.212423,
 0.7974995294470445, 197.826, 0.7555695488553514, 247.15, 0.3436149631835624, 271.828

2048, 128, 2048, 64, 32, 8, 0.212522,
 0.7972350671301464, 197.565, 0.7555709412779368, 246.915, 0.3436752465104367, 271.629

2048, 128, 2048, 64, 32, 16, 0.212676,
 0.7969582791421213, 197.386, 0.756360659949276, 246.894, 0.3433144083444092, 271.877

4096, 128, 2048, 64, 16, 8, 0.222187,
 0.7936844322595676, 178.027, 0.7547516385474627, 227.717, 0.3439216650404505, 253.733

4096, 128, 2048, 64, 16, 16, 0.222029,
 0.7932773591767205, 178.082, 0.7555971374171099, 227.807, 0.343596486398943, 254.011

4096, 128, 2048, 64, 32, 8, 0.222235,
 0.7934531557052803, 177.789, 0.755475443690743, 227.631, 0.3436536828909442, 253.808

4096, 128, 2048, 64, 32, 16, 0.22213,
 0.7931572349513076, 178.01, 0.7562195296816748, 227.758, 0.34327353083138407, 254.112

4096, 128, 2048, 128, 32, 8, 0.222463,
 0.8832109781893809, 178.172, 0.7434457320039274, 230.369, 0.34354370653316246, 253.124

4096, 128, 2048, 128, 64, 8, 0.222413,
 0.8829166548224793, 178.213, 0.7441046365409487, 230.431, 0.34318818544015994, 253.371

4096, 128, 2048, 256, 32, 8, 0.222434,
 1.0, 178.368, 0.7407128873609321, 230.825, 0.34349050325090874, 252.924

4096, 256, 2048, 128, 32, 8, 0.222476,
 0.8830275310866375, 178.283, 0.7434337948055281, 230.573, 0.3435626174541321, 253.302

4096, 256, 4096, 128, 32, 8, 0.222417,
 1.0, 178.397, 0.7407128873609321, 230.96, 0.34350017534922656, 253.014

4096, 256, 2048, 256, 32, 8, 0.222481,
 1.0, 178.298, 0.7407128873609321, 230.837, 0.34353227303273703, 252.912

4096, 256, 2048, 256, 64, 8, 0.222542,
 1.0, 178.336, 0.7413567027183636, 230.866, 0.34319257779353435, 253.108

4096, 256, 2048, 256, 64, 16, 0.222464,
 1.0, 178.441, 0.7422671471507394, 231.033, 0.34270800533501267, 253.62

8192, 256, 2048, 256, 64, 8, 0.222415,
 1.0, 178.392, 0.7413567027183636, 231.0, 0.3431877462110062, 253.256

4096, 512, 2048, 256, 64, 8, 0.222351,
 1.0, 178.479, 0.7413567027183636, 231.014, 0.3432070733574129, 253.232

4096, 256, 4096, 256, 64, 8, 0.22231,
 1.0, 178.527, 0.7413559301783773, 231.113, 0.34322113083124056, 253.352

4096, 256, 2048, 512, 64, 8, 0.222411,
 1.0, 178.339, 0.7413567027183636, 230.938, 0.3431618336807862, 253.185

4096, 256, 2048, 256, 128, 8, 0.222418,
 1.0, 178.467, 0.7422390617196821, 231.012, 0.3427221634158173, 253.52

4096, 128, 2048, 256, 64, 8, 0.222437,
 1.0, 178.351, 0.7413567027183636, 230.951, 0.3432061948035326, 253.197

