1024, 64, 1024, 8, 64, 16, 0.311883,
 0.7251442517193963, 124.004, 0.6217497266763848, 175.555, 0.0543901108181423, 198.999

1024, 64, 1024, 8, 64, 32, 0.312041,
 0.7261969428820083, 122.853, 0.6249232342154108, 174.251, 0.05414196574920703, 198.521

1024, 64, 1024, 8, 128, 16, 0.311818,
 0.7193854126630131, 125.452, 0.6246170279193651, 176.013, 0.05418057439371105, 200.212

1024, 64, 1024, 8, 128, 32, 0.311992,
 0.7270813929436621, 122.859, 0.6658464487559644, 164.822, 0.053787051259311554, 199.681

1024, 64, 1024, 16, 64, 16, 0.312962,
 0.7331746616919664, 123.083, 0.6068428922682355, 175.476, 0.0543342787333999, 194.792

1024, 64, 1024, 16, 64, 32, 0.312953,
 0.7343959640851626, 122.996, 0.6092308677582929, 175.609, 0.054115926816168405, 195.542

1024, 64, 1024, 16, 128, 16, 0.312878,
 0.7367936287589674, 122.867, 0.6093507152962112, 175.909, 0.05412213184359846, 195.854

1024, 64, 1024, 16, 128, 32, 0.312974,
 0.7327362058384465, 123.096, 0.6137987525431852, 175.393, 0.053749548956159854, 196.416

1024, 64, 2048, 8, 64, 16, 0.312907,
 0.7353532685369177, 122.923, 0.6068763666180758, 175.731, 0.054339343416620695, 195.039

1024, 64, 2048, 8, 64, 32, 0.312903,
 0.7343453191453595, 122.982, 0.6093768047821796, 175.581, 0.05411717682915266, 195.559

1024, 64, 2048, 8, 128, 16, 0.312732,
 0.7293140531498025, 125.077, 0.609308863171354, 177.061, 0.054146339802088876, 196.998

1024, 64, 2048, 8, 128, 32, 0.312732,
 0.7318367729245372, 124.483, 0.6142906182970969, 176.726, 0.05378923123686227, 197.913

1024, 64, 2048, 16, 64, 16, 0.314477,
 0.7543221478890186, 122.977, 0.5789051111516035, 178.378, 0.054298225648415716, 189.759

1024, 64, 2048, 16, 64, 32, 0.314592,
 0.7562522813919533, 122.831, 0.5810698148357812, 178.537, 0.054084198771418894, 190.484

1024, 64, 2048, 16, 128, 16, 0.314579,
 0.755326051966552, 122.922, 0.5810978182928545, 178.476, 0.05408409085232343, 190.438

1024, 64, 2048, 16, 128, 32, 0.314529,
 0.7563991433169854, 122.899, 0.585384313215011, 178.651, 0.05372883716558827, 191.653

