BLOCK SIZE : 32
4096, 16, 2048, 8, 128, 12, 0.292542,
 0.4718784908051151, 182.419, 0.4902287717921683, 206.522, 0.058662265034971336, 230.638

BLOCK SIZE : 64
2048, 16, 1024, 8, 64, 12, 0.307061,
 0.46498757571410726, 182.479, 0.486608075684322, 204.084, 0.05450500403277866, 226.656

BLOCK SIZE : 128
1024, 16, 512, 8, 32, 12, 0.316259,
 0.45992001753149075, 184.117, 0.4766064102358119, 203.643, 0.05450850758813848, 222.28

BLOCK SIZE : 256
512, 16, 256, 8, 16, 12, 0.319704,
 0.4549883056092481, 189.794, 0.45339662885294174, 206.552, 0.05577748257693909, 214.914

BLOCK SIZE : 512
256, 16, 128, 8, 8, 12, 0.316691,
 0.45040105011664355, 204.189, 0.4196128772021629, 220.619, 0.06131781517371927, 214.746


Double ways  :

BLOCK SIZE : 32
4096, 32, 2048, 16, 128, 24, 0.296222,
 0.4483229511570047, 181.399, 0.48176346827552985, 196.951, 0.0583417020814881, 217.845

BLOCK SIZE : 64
2048, 32, 1024, 16, 64, 24, 0.31192,
 0.436279655081437, 181.383, 0.47724859864556873, 192.664, 0.05401888037016956, 211.794

BLOCK SIZE : 128
1024, 32, 512, 16, 32, 24, 0.322131,
 0.4266620945289473, 182.861, 0.4726486903670831, 190.502, 0.053207505833550724, 207.895

BLOCK SIZE : 256
512, 32, 256, 16, 16, 24, 0.327148,
 0.4189222612941037, 187.884, 0.4625943672173162, 191.788, 0.052719940037691496, 204.893

BLOCK SIZE : 512
256, 32, 128, 16, 8, 24, 0.326885,
 0.41102905703788917, 200.297, 0.4382943320193247, 201.199, 0.056213037751708994, 205.21

