BLOCK SIZE : 32
2048, 16, 1024, 8, 64, 12, 0.2905,
 0.4851090261474678, 182.982, 0.49336841959610644, 211.947, 0.05901476310553211, 237.371

BLOCK SIZE : 64
2048, 16, 1024, 8, 64, 12, 0.307061,
 0.46498757571410726, 182.479, 0.486608075684322, 204.084, 0.05450500403277866, 226.656

BLOCK SIZE : 128
2048, 16, 1024, 8, 64, 12, 0.322082,
 0.4273481593370143, 182.871, 0.4723068468850626, 190.767, 0.05325022698829476, 208.024

BLOCK SIZE : 256
2048, 16, 1024, 8, 64, 12, 0.340323,
 0.36649178146247324, 184.498, 0.44433686024372054, 170.459, 0.051428737440704406, 179.057

BLOCK SIZE : 512
2048, 16, 1024, 8, 64, 12, 0.371676,
 0.29130707340824075, 186.386, 0.39243908086390905, 146.55, 0.05128284908797336, 143.14


Double Ways : 

BLOCK SIZE : 32
2048, 32, 1024, 16, 64, 24, 0.292548,
 0.4717650373620804, 182.426, 0.49031398419043415, 206.492, 0.05865275722761188, 230.639

BLOCK SIZE : 64
2048, 32, 1024, 16, 64, 24, 0.31192,
 0.436279655081437, 181.383, 0.47724859864556873, 192.664, 0.05401888037016956, 211.794

BLOCK SIZE : 128
2048, 32, 1024, 16, 64, 24, 0.332831,
 0.3777372006915601, 180.65, 0.4510174379010698, 171.42, 0.05255100465306325, 182.377

BLOCK SIZE : 256
2048, 32, 1024, 16, 64, 24, 0.361991,
 0.3081183914434878, 180.351, 0.4021796930257051, 148.063, 0.050507923574383475, 147.124

BLOCK SIZE : 512
2048, 32, 1024, 16, 64, 24, 0.416521,
 0.20925848130577784, 178.002, 0.3235152751336139, 116.201, 0.04972888669638706, 103.746

