BLOCK SIZE : 16
4096, 32, 2048, 16, 128, 24, 0.129548,
 0.4896076335315089, 207.344, 0.4960721676267771, 248.062, 0.26144090326717623, 294.025

BLOCK SIZE : 64
2048, 16, 1024, 8, 64, 12, 0.155806,
 0.4876499796433334, 204.974, 0.4937146052609399, 250.891, 0.18330402305413557, 308.357

BLOCK SIZE : 256
1024, 8, 512, 4, 32, 6, 0.176329,
 0.4774806236113452, 259.216, 0.49003207316688335, 305.513, 0.15250612223261484, 364.542

BLOCK SIZE : 1024
512, 4, 256, 2, 16, 3, 0.115226,
 0.46330388643846365, 895.974, 0.4520128116673277, 856.133, 0.15882609230102646, 814.216

