incl drrip
2048, 16, 1024, 8, 64, 12, 0.173311,
 0.6505300685356955, 191.33, 0.6549132933009139, 235.537, 0.17372939341884122, 280.72

excl drrip
2048, 16, 1024, 8, 64, 12, 0.166208,
 0.4984313192183121, 225.562, 0.49644268339055536, 271.35, 0.17340627190734054, 314.227

NINE drrip
2048, 16, 1024, 8, 64, 12, 0.173413,
 0.6512589016546759, 191.314, 0.6539043643952455, 236.087, 0.17344835007212783, 280.874

incl lru
2048, 16, 1024, 8, 64, 12, 0.173351,
 0.6458538530638535, 192.716, 0.654070494578595, 235.855, 0.17373904860374606, 280.714

excl lru
2048, 16, 1024, 8, 64, 12, 0.166361,
 0.49055422607691734, 228.214, 0.4964639399023303, 270.448, 0.1734102491604795, 313.372

NINE lru
2048, 16, 1024, 8, 64, 12, 0.173511,
 0.646450302352045, 192.728, 0.6538955500537934, 236.093, 0.17346417314447096, 280.878

incl rnd
2048, 16, 1024, 8, 64, 12, 0.173046,
 0.7416035348262239, 168.667, 0.6611317619797625, 234.22, 0.17370569118393386, 281.604

excl rnd
2048, 16, 1024, 8, 64, 12, 0.163638,
 0.6298179263434885, 192.111, 0.4964507460066218, 288.174, 0.17335540507139535, 329.68

NINE rnd
2048, 16, 1024, 8, 64, 12, 0.173315,
 0.7333704979289533, 170.582, 0.6538901856923461, 236.821, 0.17344167668935564, 281.597

