incl drrip
2048, 16, 1024, 8, 64, 12, 0.159139,
 0.6547454139295477, 185.563, 0.6596898660632079, 232.336, 0.18357513436601042, 292.619

excl drrip
2048, 16, 1024, 8, 64, 12, 0.155577,
 0.4953056539240042, 202.849, 0.4937274311014172, 251.962, 0.18330264397777038, 309.268

NINE drrip
2048, 16, 1024, 8, 64, 12, 0.159329,
 0.67689177243196, 179.625, 0.6586297983726466, 232.772, 0.18332863947921868, 292.698

incl lru
2048, 16, 1024, 8, 64, 12, 0.159371,
 0.6497698564347231, 186.465, 0.6588356133272314, 232.188, 0.1835877399428568, 292.219

excl lru
2048, 16, 1024, 8, 64, 12, 0.155806,
 0.4876499796433334, 204.974, 0.4937146052609399, 250.891, 0.18330402305413557, 308.357

NINE lru
2048, 16, 1024, 8, 64, 12, 0.159528,
 0.6502984409799555, 186.461, 0.658659943307099, 232.297, 0.18334025586817523, 292.276

incl rnd
2048, 16, 1024, 8, 64, 12, 0.158921,
 0.7414431729571581, 164.772, 0.6649827587891102, 231.467, 0.18358178268061906, 293.581

excl rnd
2048, 16, 1024, 8, 64, 12, 0.153155,
 0.6251717774039466, 173.264, 0.49374685308842575, 268.008, 0.18325077130346829, 322.496

NINE rnd
2048, 16, 1024, 8, 64, 12, 0.159157,
 0.7327506209939764, 166.551, 0.6586845552009942, 233.393, 0.18333664560118065, 293.331

