incl drrip
2048, 16, 1024, 8, 64, 12, 0.307994,
 0.6080328700701942, 174.283, 0.6222476567927386, 199.208, 0.054619413423929064, 223.687

excl drrip
2048, 16, 1024, 8, 64, 12, 0.307053,
 0.472231298020098, 179.751, 0.4865409885823343, 204.176, 0.05450989025145586, 226.726

NINE drrip
2048, 16, 1024, 8, 64, 12, 0.309504,
 0.7520308914065061, 136.496, 0.6165304894959638, 196.071, 0.0544003617094062, 218.693

incl lru
2048, 16, 1024, 8, 64, 12, 0.307693,
 0.5895917548605359, 181.166, 0.6167270043832628, 202.566, 0.05463828580440364, 225.265

excl lru
2048, 16, 1024, 8, 64, 12, 0.307061,
 0.46498757571410726, 182.479, 0.486608075684322, 204.084, 0.05450500403277866, 226.656

NINE lru
2048, 16, 1024, 8, 64, 12, 0.307837,
 0.5902901055367122, 181.228, 0.6166149463527762, 202.989, 0.054509563762656206, 225.591

incl rnd
2048, 16, 1024, 8, 64, 12, 0.30764,
 0.6837119501532491, 155.849, 0.6237939742547518, 199.861, 0.05465544626942936, 224.809

excl rnd
2048, 16, 1024, 8, 64, 12, 0.307075,
 0.598197091025526, 141.917, 0.48662338691664203, 204.205, 0.054515216317730354, 226.782

NINE rnd
2048, 16, 1024, 8, 64, 12, 0.308005,
 0.6759893448392149, 157.547, 0.6165407612758463, 202.287, 0.05450673257298358, 224.893

