512, 16, 1024, 8, 64, 12, 0.173551,
 0.9806228373702423, 113.446, 0.6258092595615037, 211.83, 0.09170606855078454, 232.257

512, 16, 1024, 8, 64, 24, 0.173533,
 0.9810109654987965, 113.462, 0.6268173469070079, 211.782, 0.09165612503638136, 232.3

512, 16, 1024, 8, 128, 12, 0.173479,
 0.9806678521409351, 113.587, 0.6266635535839364, 211.928, 0.09165067015475564, 232.433

512, 16, 1024, 8, 128, 24, 0.173608,
 0.9807069149940225, 113.44, 0.635227290460511, 209.437, 0.09152898247902885, 232.568

512, 16, 1024, 16, 64, 12, 0.173706,
 0.998026357674922, 112.284, 0.6225372473128308, 211.888, 0.09170108363918858, 231.191

512, 16, 1024, 16, 64, 24, 0.173782,
 0.9977323541346743, 112.266, 0.6236107219575978, 211.795, 0.09165674784060267, 231.29

512, 16, 1024, 16, 128, 12, 0.173745,
 0.9979396861004383, 112.203, 0.6234824430332462, 211.803, 0.09164694291247183, 231.305

512, 16, 1024, 16, 128, 24, 0.173714,
 0.9982020970231181, 112.247, 0.6250555863284938, 211.898, 0.09153442209319576, 231.628

512, 16, 2048, 8, 64, 12, 0.173667,
 0.997923958001909, 112.287, 0.6227160033264163, 211.919, 0.09170253751575543, 231.327

512, 16, 2048, 8, 64, 24, 0.173742,
 0.9977565453981336, 112.272, 0.6235795896765356, 211.841, 0.09165404908343686, 231.317

512, 16, 2048, 8, 128, 12, 0.173711,
 0.9974710120723386, 112.313, 0.6235604457171314, 211.91, 0.09165826755602867, 231.429

512, 16, 2048, 8, 128, 24, 0.173718,
 0.9977004360418855, 112.311, 0.6250156025713037, 211.881, 0.09153186169032076, 231.653

512, 16, 2048, 16, 64, 12, 0.17406,
 0.9988855329252337, 112.977, 0.6183170509920959, 211.714, 0.09170160287552744, 229.652

512, 16, 2048, 16, 64, 24, 0.174104,
 0.9988693355731257, 112.921, 0.6192055041872918, 211.603, 0.09165145427449346, 229.661

512, 16, 2048, 16, 128, 12, 0.174079,
 0.9988458061600052, 112.881, 0.6190965412035739, 211.695, 0.09164962300090825, 229.724

512, 16, 2048, 16, 128, 24, 0.174104,
 0.9989825170589898, 112.92, 0.620838177576292, 211.591, 0.091529796277065, 229.951

512, 32, 1024, 8, 64, 12, 0.173727,
 0.6839964118221019, 162.077, 0.6256382755485089, 211.136, 0.09170316061982531, 231.538

512, 32, 1024, 8, 64, 24, 0.173677,
 0.6815775605075001, 162.626, 0.6268406961178046, 211.056, 0.09165872010980972, 231.642

512, 32, 1024, 8, 128, 12, 0.173628,
 0.6831539865332579, 162.313, 0.626675384112455, 211.207, 0.09165602123650068, 231.714

512, 32, 1024, 8, 128, 24, 0.173705,
 0.6842978847258168, 162.032, 0.6353233015843299, 208.783, 0.09154091380101131, 231.937

512, 32, 1024, 16, 64, 12, 0.173827,
 0.9916699817010104, 112.713, 0.6227160033264163, 211.431, 0.091704510707693, 230.791

512, 32, 1024, 16, 64, 24, 0.173897,
 0.9911749492698843, 112.69, 0.6235484573954734, 211.302, 0.09165259597232744, 230.8

512, 32, 1024, 16, 128, 12, 0.173845,
 0.9904823294419112, 112.802, 0.6233742985453329, 211.378, 0.09164816995832578, 230.842

512, 32, 1024, 16, 128, 24, 0.173832,
 0.9904842225864456, 112.864, 0.6251570364012329, 211.483, 0.09153237999137032, 231.262

512, 32, 2048, 8, 64, 12, 0.173888,
 0.9599771025139532, 116.263, 0.6230191113494524, 211.204, 0.09170502998284268, 230.731

512, 32, 2048, 8, 64, 24, 0.173793,
 0.9589751750477403, 116.513, 0.6236185050278634, 211.322, 0.09165384149331449, 230.84

512, 32, 2048, 8, 128, 12, 0.173913,
 0.9602883490742435, 116.319, 0.6234551567412757, 211.366, 0.09165259597232744, 230.858

512, 32, 2048, 8, 128, 24, 0.173896,
 0.9599748599796334, 116.346, 0.6250945824720153, 211.25, 0.09153359281837217, 231.105

512, 32, 2048, 16, 64, 12, 0.174192,
 0.996396949524979, 112.929, 0.6182626469879612, 211.148, 0.09170066825435112, 229.094

512, 32, 2048, 16, 64, 24, 0.17423,
 0.996865229088735, 112.933, 0.619026493571184, 211.257, 0.09165394528825813, 229.283

512, 32, 2048, 16, 128, 12, 0.174176,
 0.9968581143840208, 112.952, 0.618988701092539, 211.364, 0.09165229385538252, 229.415

512, 32, 2048, 16, 128, 24, 0.174199,
 0.9969132809722356, 112.99, 0.62063020260413, 211.299, 0.0915322530415058, 229.662

1024, 16, 1024, 8, 64, 12, 0.173596,
 0.6578260185622149, 168.682, 0.6258092595615037, 211.317, 0.09170461456225248, 231.76

1024, 16, 1024, 8, 64, 24, 0.17365,
 0.6589332074581071, 168.324, 0.6266850347124934, 211.171, 0.09165737065328795, 231.706

1024, 16, 1024, 8, 128, 12, 0.173665,
 0.6571372379341541, 168.788, 0.6264707713378572, 211.247, 0.09165961697226667, 231.755

1024, 16, 1024, 8, 128, 24, 0.173678,
 0.6623922210334193, 167.366, 0.6358118597920128, 208.588, 0.09153175803081523, 231.943

1024, 16, 1024, 16, 64, 12, 0.173806,
 0.995270888897735, 112.437, 0.6225061593104682, 211.586, 0.09170378373236303, 230.893

1024, 16, 1024, 16, 64, 24, 0.173896,
 0.9947718971567715, 112.312, 0.6235251081846767, 211.329, 0.09165269976445008, 230.809

1024, 16, 1024, 16, 128, 12, 0.173866,
 0.9951452060899808, 112.346, 0.6234318089842169, 211.468, 0.0916555115390452, 230.95

1024, 16, 1024, 16, 128, 24, 0.173801,
 0.9951228438673541, 112.369, 0.6250214545397806, 211.572, 0.09153051413506195, 231.289

1024, 16, 2048, 8, 64, 12, 0.17388,
 0.9771813789864935, 114.351, 0.6226227393193282, 211.352, 0.09170326447132687, 230.728

1024, 16, 2048, 8, 64, 24, 0.17382,
 0.9774200991351532, 114.396, 0.6235640235360045, 211.513, 0.09165425667449958, 231.027

1024, 16, 2048, 8, 128, 12, 0.173862,
 0.9775579553864886, 114.259, 0.6235039609045492, 211.247, 0.09165560603932903, 230.756

1024, 16, 2048, 8, 128, 24, 0.173813,
 0.9779016951579417, 114.287, 0.6251043413815969, 211.424, 0.09153319373553957, 231.23

1024, 16, 2048, 16, 64, 12, 0.174117,
 0.9972695473749686, 112.966, 0.6181305229779197, 211.423, 0.09170295291752782, 229.328

1024, 16, 2048, 16, 64, 24, 0.1741,
 0.9969412296418253, 112.898, 0.619291117960213, 211.333, 0.09165456806285686, 229.44

1024, 16, 2048, 16, 128, 12, 0.174181,
 0.9970054080232464, 112.852, 0.6191395155203138, 211.287, 0.09165023651491284, 229.407

1024, 16, 2048, 16, 128, 24, 0.174206,
 0.9971647361023603, 112.833, 0.6206057201703881, 211.13, 0.09153637605234727, 229.464

1024, 32, 1024, 8, 64, 12, 0.174073,
 0.6361783980678001, 172.783, 0.625801487560913, 209.612, 0.09170336832306367, 230.086

1024, 32, 1024, 8, 64, 24, 0.174093,
 0.6364322734386674, 172.543, 0.6267784315556801, 209.459, 0.09165394528825813, 230.031

1024, 32, 1024, 8, 128, 12, 0.174064,
 0.6355532827190118, 172.918, 0.6266149870801033, 209.601, 0.09165364317908994, 230.154

1024, 32, 1024, 8, 128, 24, 0.174119,
 0.6363772231355552, 172.651, 0.6361189348604599, 206.98, 0.09153318596097049, 230.421

1024, 32, 1024, 16, 64, 12, 0.174148,
 0.6521624955238133, 170.155, 0.6226071953181468, 210.167, 0.09170191442015323, 229.54

1024, 32, 1024, 16, 64, 24, 0.174068,
 0.6517308365975606, 170.574, 0.6234939759036144, 210.391, 0.09165477565627053, 229.93

1024, 32, 1024, 16, 128, 12, 0.174098,
 0.652367075908852, 170.432, 0.6234892173114489, 210.384, 0.09164912248912525, 229.903

1024, 32, 1024, 16, 128, 24, 0.174094,
 0.6522175092910177, 170.291, 0.6251394686536886, 210.285, 0.09153246035529897, 230.105

1024, 32, 2048, 8, 64, 12, 0.174162,
 0.6754559052862735, 164.311, 0.6226071953181468, 210.204, 0.09170077210020769, 229.659

1024, 32, 2048, 8, 64, 24, 0.174152,
 0.6753390336050905, 164.16, 0.6236652034494568, 210.016, 0.09165404908343686, 229.619

1024, 32, 2048, 8, 128, 12, 0.174173,
 0.6758721161653956, 164.291, 0.6232763718990257, 210.236, 0.09165259597232744, 229.752

1024, 32, 2048, 8, 128, 24, 0.17417,
 0.6752373449200627, 164.337, 0.6251784585859058, 210.082, 0.09153700585158249, 229.955

1024, 32, 2048, 16, 64, 12, 0.174438,
 0.9878523858787017, 113.388, 0.6179673109655156, 210.318, 0.09170336832306367, 228.214

1024, 32, 2048, 16, 64, 24, 0.174432,
 0.988382607010802, 113.233, 0.6191510226954329, 210.301, 0.09165176564380913, 228.393

1024, 32, 2048, 16, 128, 12, 0.174506,
 0.9873616161616161, 113.393, 0.6192303501097498, 210.196, 0.09164919862158155, 228.325

1024, 32, 2048, 16, 128, 24, 0.174463,
 0.9878127522195319, 113.247, 0.6207240948813982, 210.268, 0.09152708589780321, 228.68

1024, 32, 1024, 8, 64, 16, 0.174036,
 0.6354292814116981, 172.971, 0.6260856718530096, 209.659, 0.09168441806554485, 230.152

1024, 32, 1024, 8, 64, 32, 0.174066,
 0.6364630969153634, 172.744, 0.6280443149414899, 209.303, 0.09160329548993516, 230.223

1024, 32, 1024, 8, 128, 16, 0.174087,
 0.6363378840933234, 172.649, 0.62763305496697, 209.326, 0.09160863789708042, 230.117

1024, 32, 1024, 8, 128, 32, 0.174065,
 0.6362134088762984, 172.8, 0.6685782146038095, 197.208, 0.09146317295050128, 230.558

1024, 32, 1024, 16, 64, 16, 0.174113,
 0.652365192763608, 170.219, 0.6231231581484679, 210.282, 0.0916833797827729, 229.796

1024, 32, 1024, 16, 64, 32, 0.174185,
 0.6518016297428062, 170.265, 0.6240943016968696, 210.208, 0.09160194691508179, 229.848

1024, 32, 1024, 16, 128, 16, 0.174104,
 0.6524317912218268, 170.343, 0.6240952967115155, 210.349, 0.09161141278190806, 229.974

1024, 32, 1024, 16, 128, 32, 0.174131,
 0.6529159042087676, 169.974, 0.6260224209991797, 210.19, 0.09147214307393331, 230.206

1024, 32, 2048, 8, 64, 16, 0.174175,
 0.6765155374426898, 164.09, 0.6230220750036934, 210.167, 0.09168379509305973, 229.68

1024, 32, 2048, 8, 64, 32, 0.174139,
 0.6767805406093794, 164.093, 0.6242812845723545, 210.228, 0.09160184318019929, 229.914

1024, 32, 2048, 8, 128, 16, 0.174151,
 0.6758969055763264, 164.177, 0.6243748149763949, 210.147, 0.09161091154527376, 229.867

1024, 32, 2048, 8, 128, 32, 0.174138,
 0.6768843901196843, 164.063, 0.6269112671984749, 209.956, 0.09146183333616448, 230.213

1024, 32, 2048, 16, 64, 16, 0.174397,
 0.9883423142485519, 113.352, 0.6184266797297192, 210.379, 0.09168317212904044, 228.412

1024, 32, 2048, 16, 64, 32, 0.174502,
 0.9883130738393896, 113.354, 0.6196534584041011, 210.296, 0.09160059837993502, 228.475

1024, 32, 2048, 16, 128, 16, 0.174417,
 0.9880918696492235, 113.427, 0.6195332097284327, 210.355, 0.09161285646662333, 228.496

1024, 32, 2048, 16, 128, 32, 0.174453,
 0.9880719561668633, 113.368, 0.621306582915358, 210.369, 0.09146976054176788, 228.87

1024, 64, 512, 16, 32, 8, 0.174984,
 0.6292012839879154, 171.46, 0.6251009254083597, 206.367, 0.09175349846947269, 226.869

1024, 64, 512, 16, 32, 16, 0.174969,
 0.6293034931576917, 171.466, 0.6253942850039623, 206.377, 0.09171900515721931, 226.87

1024, 64, 512, 16, 64, 8, 0.174991,
 0.6290103113865708, 171.41, 0.6255652065820346, 206.315, 0.09172129031089045, 226.879

1024, 64, 512, 16, 64, 16, 0.175088,
 0.6295016956354108, 171.25, 0.6260934474795307, 206.21, 0.09168483338523824, 226.912

1024, 64, 512, 32, 32, 8, 0.175194,
 0.6360525268603263, 171.121, 0.6219101298056021, 206.782, 0.09175308284061864, 226.296

1024, 64, 512, 32, 32, 16, 0.175157,
 0.6362847774877444, 171.25, 0.6224342340382554, 206.942, 0.09171692784359733, 226.5

1024, 64, 512, 32, 64, 8, 0.175246,
 0.6357639082307441, 171.22, 0.622442003200895, 206.794, 0.0917200438493178, 226.366

1024, 64, 512, 32, 64, 16, 0.17517,
 0.6356771724340969, 171.198, 0.6229132162323979, 206.794, 0.09168566403591324, 226.437

1024, 64, 1024, 16, 32, 8, 0.17511,
 0.6363889596332611, 171.182, 0.6220188187069127, 206.902, 0.09175225159420684, 226.418

1024, 64, 1024, 16, 32, 16, 0.175145,
 0.6358991906925666, 171.364, 0.6225119256646519, 206.936, 0.09171713557072517, 226.531

1024, 64, 1024, 16, 64, 8, 0.17519,
 0.636448285741572, 171.081, 0.6224497723635346, 206.821, 0.09171734329879395, 226.373

1024, 64, 1024, 16, 64, 16, 0.175174,
 0.6357899427825658, 171.253, 0.6230065237506512, 206.813, 0.0916825491734868, 226.484

1024, 64, 1024, 32, 32, 8, 0.17557,
 0.6503423024385513, 169.233, 0.6175703372461337, 207.24, 0.09175152426595157, 225.375

1024, 64, 1024, 32, 32, 16, 0.17557,
 0.6507501757277553, 169.098, 0.6180135804962941, 207.313, 0.09172149805777964, 225.569

1024, 64, 1024, 32, 64, 8, 0.175615,
 0.6506257726211349, 169.007, 0.6180368879842131, 207.167, 0.09171962836965532, 225.43

1024, 64, 1024, 32, 64, 16, 0.175527,
 0.6508321215058975, 169.111, 0.618341147837987, 207.373, 0.09168566403591324, 225.658

1024, 64, 1024, 32, 128, 4, 0.175537,
 0.6500193823491407, 169.283, 0.6180343533689142, 207.344, 0.09172518682851866, 225.591

1024, 64, 1024, 64, 64, 8, 0.176669,
 0.995206787945545, 115.782, 0.6105396460369501, 206.383, 0.09172056320418927, 222.386

1024, 128, 1024, 64, 64, 8, 0.177703,
 0.6810579440540168, 167.098, 0.6105474151995898, 204.206, 0.0917209786923212, 220.455

2048, 128, 1024, 64, 64, 8, 0.177926,
 0.6758119761097438, 167.73, 0.6104697235731933, 203.71, 0.0917202515905606, 220.01

2048, 128, 512, 64, 64, 8, 0.177853,
 0.6352123489715925, 167.664, 0.6179669655204562, 201.776, 0.09172170580560991, 220.524

2048, 128, 1024, 64, 32, 8, 0.17789,
 0.6751099142195875, 167.979, 0.6101639649711198, 203.811, 0.09175474537862804, 220.065

2048, 128, 1024, 64, 64, 16, 0.177912,
 0.6768924611686868, 167.654, 0.6109387513898933, 203.737, 0.09168379509305973, 220.094

2048, 128, 1024, 64, 128, 8, 0.177964,
 0.6760323322056658, 167.684, 0.6111314138201837, 203.623, 0.09168740013113892, 220.037

2048, 128, 1024, 64, 256, 8, 0.177913,
 0.6758126845054179, 167.766, 0.6122666791312206, 203.73, 0.09160639036394543, 220.333

2048, 128, 1024, 128, 128, 8, 0.177931,
 0.9623856947169671, 169.06, 0.6060945360672436, 205.211, 0.09168958066255045, 219.919

2048, 128, 2048, 64, 128, 8, 0.178019,
 0.9518138445206399, 168.801, 0.6060707371498324, 204.982, 0.09168278573790617, 219.776

2048, 128, 2048, 128, 128, 8, 0.177963,
 1.0, 169.053, 0.6060634335611592, 205.132, 0.09168638118459244, 219.858

2048, 128, 2048, 64, 256, 8, 0.177965,
 0.9515865466695934, 168.867, 0.607223810376925, 205.101, 0.09161226026737937, 220.027

2048, 256, 2048, 64, 128, 8, 0.177988,
 0.9496651649823451, 168.896, 0.606052124152516, 205.078, 0.09169040163530631, 219.821

4096, 128, 2048, 64, 128, 8, 0.177975,
 0.9489829456231968, 169.013, 0.6061315253393876, 205.076, 0.09168493721574951, 219.843

2048, 128, 2048, 64, 128, 16, 0.17796,
 0.9513599219417002, 168.894, 0.6074536968497495, 205.055, 0.09159977713555775, 220.029

2048, 128, 2048, 64, 128, 4, 0.177985,
 0.9499993911275101, 168.879, 0.6055366547047584, 205.074, 0.09173414266785952, 219.765

2048, 128, 2048, 64, 64, 8, 0.17802,
 0.950522070738453, 168.815, 0.605606227760772, 205.016, 0.09172180967987796, 219.698

2048, 128, 2048, 64, 32, 8, 0.177985,
 0.951403966724403, 168.902, 0.6052419104403454, 205.057, 0.09175578449547965, 219.698

